x <- 2

x = 2

x __ 5

x __ 3 

__


